0.008650519031141835 0.4257206208425721
0.06228373702422141 0.49667405764966777
0.19550173010380617 0.541019955654102
0.35640138408304495 0.6563192904656319
0.5951557093425606 0.7627494456762753
0.6608996539792387 0.8957871396895789
0.7508650519031141 1.1175166297117514
0.7993079584775087 1.3569844789356984
0.8546712802768166 1.7206208425720622
0.9048442906574394 2.190687361419069
0.9186851211072664 2.4212860310421287
0.9377162629757785 2.5365853658536586
0.9480968858131489 2.6607538802660757
0.953287197231834 2.731707317073171
0.9671280276816607 2.643015521064302
0.9688581314878895 2.5277161862527717
0.9705882352941178 2.394678492239468
0.9775086505190311 2.1729490022172953
0.9844290657439445 1.8713968957871399
0.9896193771626296 1.6851441241685148
1 1.0997782705099777
1 0.8603104212860311
0.9982698961937717 0.7627494456762753
1 0.674057649667406
1 0.5764966740576503